23 12 12
62 6 57
2 25 26
23 10 32
2 24 24
3 29 30
6 19 21
21 11 14
17 15 13
62 4 63
6 52 56
15 23 33
9 35 32
48 6 48
11 46 54
21 18 24
49 9 49
53 19 38
46 54 15
10 61 65
44 17 54
36 18 41
49 54 14
39 35 19
31 45 22
22 35 49
57 15 57
32 69 41
48 28 33
46 47 20
21 50 44
63 35 35
15 66 61
30 30 42
56 19 49
65 49 24
31 40 63
31 59 39
40 27 51
57 46 26
30 38 46
35 69 43
64 33 42
59 59 20
66 66 19
60 38 35
43 32 62
36 36 53
54 31 42
58 24 54
54 49 28
52 26 64
25 63 57
39 38 46
45 41 37
46 35 41
67 28 53
46 33 60
44 53 36
42 38 57
24 66 64
62 45 35
51 38 50
36 51 51
68 26 68
35 53 65
56 43 44
41 45 64
52 37 62
65 47 43
57 38 56
63 32 67
55 55 43
54 46 53
41 62 56
43 58 67
56 52 59
51 59 58
69 50 61
55 66 68
