5000
1288 8609
3475 6663
1003 6752
1620 7252
950 5796
1465 5933
2264 7560
3054 8372
828 7232
2901 5422
829 8274
1686 8092
1058 6939
3026 8689
1152 6061
3105 8733
1009 5176
3134 8602
2699 5391
2981 6269
1173 7836
361 5286
1050 5118
1331 6563
1244 6458
2209 5018
698 6056
2710 7958
305 5752
2223 5004
1775 8125
3006 5767
2798 7504
522 7128
1615 5240
3255 8218
2402 6424
1970 6189
169 5857
2087 6409
3500 8346
974 8534
2156 7525
3080 8409
3102 8165
2506 7065
1345 5245
2355 6003
1686 8626
1094 8563
1457 6979
2554 7956
673 6455
801 5978
972 5984
3199 7845
1719 7943
1143 8713
2494 8369
590 6516
3460 6136
759 7416
682 6949
59 6610
426 7036
2327 5841
2334 6536
1126 8571
705 6449
2810 7108
2785 6980
2373 7641
2817 8626
2113 8156
3377 7618
2101 7088
880 5187
547 6088
513 8045
1858 6323
1830 7192
107 5555
1732 8416
979 6622
1547 6095
3438 7188
3273 6507
651 7435
3272 8330
2298 6047
341 6218
2842 7469
1921 7766
2880 6802
2743 5750
592 8752
501 6678
3039 5649
2775 6202
757 5471
2002 5368
1303 7515
7 7007
1135 5204
2509 8087
2027 8122
1865 8457
1371 5139
2400 5647
1756 8430
3148 5359
397 6239
31 8541
2211 7755
531 7287
2436 5252
1898 6844
3279 8335
2236 6663
2299 8091
2555 8225
344 7173
1069 7701
546 6250
2657 6536
385 6428
3143 6481
2045 5033
2805 8021
2391 8656
2402 7646
3056 8166
3357 5292
2880 5984
347 7940
1177 5314
420 5065
3278 6343
215 5896
3358 7121
2787 8401
2929 8476
1820 5899
2640 7718
463 8686
1332 5522
739 6159
2025 6085
3485 7607
3144 6216
3101 8109
1639 7591
1140 6558
303 7729
2432 6898
862 5642
715 5200
495 7437
2645 8477
2315 8478
2204 5801
2500 6311
2760 7858
3047 8585
2950 8581
1054 5637
2933 7290
2920 5843
2508 8112
612 8083
567 5073
180 5507
2084 6823
1674 5097
1023 8655
2604 5872
449 6757
3313 7032
630 6416
1695 5441
909 7535
273 6912
1420 7516
2820 7262
144 7736
2578 5973
1066 5735
1567 5813
3063 5821
2008 8358
3433 7522
2340 5758
1677 6842
865 5949
2348 7384
2603 5071
2309 8316
3487 5985
2278 5626
1203 7776
3119 7029
92 6023
2017 7075
343 7223
1147 5939
520 6444
1596 7141
1456 5534
661 6369
3042 7877
858 5890
2276 8425
2624 7900
1291 7224
2130 5108
1569 7249
2102 6887
2957 8008
2685 6830
3124 6243
285 8784
1646 5101
539 7688
982 6097
3393 8249
871 7554
1746 6079
1515 8056
3115 5424
497 6349
1008 5194
2482 5680
2480 6567
2195 6858
974 5143
430 7111
2252 6724
1842 5224
3264 5084
2748 6551
656 7586
2863 8634
966 8334
3487 7555
2268 7854
901 7999
3318 6093
3302 7942
1434 8419
577 5923
2659 5942
1077 5669
1581 5687
2976 5228
1879 8560
448 5199
795 5444
2248 8494
1382 8287
1655 6852
1163 8184
3247 6735
637 8492
25 5275
1935 6494
1519 8004
3228 5595
3213 8795
3060 5666
3400 7218
2401 5028
1612 7587
141 6920
201 7262
1303 6347
1389 5073
332 8670
3495 6037
2920 5960
2479 8055
676 6029
457 8189
7 7119
2587 8305
3268 7380
182 8450
254 8041
3099 7057
819 5501
114 6385
2140 7201
2816 6220
366 7559
786 8337
293 5871
1556 6362
2677 7762
3007 7621
725 8337
1777 6617
3310 7542
1839 7500
965 5965
1601 7058
2172 5372
595 5769
447 5113
2699 7763
649 5699
2510 8355
1256 6115
1017 6547
2213 7924
769 7829
1561 8489
3196 5785
545 5463
2869 8063
1043 5715
1910 7374
409 5276
2468 8564
949 6227
3368 7806
1286 8026
3008 8794
218 5060
648 5627
317 6340
2523 6926
525 5424
3357 5635
2894 8343
3185 6621
1063 6144
2614 5061
1689 7053
2737 5915
16 7200
1250 6463
209 5445
1069 7016
3263 8217
1643 8795
1580 6864
3033 6214
2841 6501
2102 7061
2764 5550
452 6644
1814 7086
205 6342
465 5671
927 7414
3156 8527
3105 5908
837 6715
2463 8363
810 5442
1220 6672
2083 6979
1511 5013
302 8160
1341 7791
1856 8109
280 8685
2420 5988
1203 7610
481 8227
704 8277
1784 5457
257 6527
1883 7996
2144 5236
2260 6071
237 8525
197 5826
653 6333
180 5450
1848 5195
357 8275
1267 5088
2216 6507
2728 8698
1736 5912
1257 7903
3457 6109
399 6470
1814 5737
1082 5619
80 6648
344 7617
1051 7079
2836 8333
118 7666
1697 6744
1053 8064
1687 6645
2374 5177
3000 5772
1755 8711
2418 7014
2907 6251
2785 6394
1391 7521
1859 7415
951 6566
2063 5883
2833 7537
2150 8124
865 8448
2595 7709
2677 6420
766 8339
779 7112
71 5600
353 6902
3040 6216
1469 7363
772 6154
2397 8388
2878 8417
1924 8561
977 6828
2218 6160
3173 6011
2112 8581
46 5867
2759 5384
247 8403
3187 5072
2325 8424
2835 7631
2921 7934
387 5734
1548 7616
1605 6475
3186 6802
924 5879
3002 5060
406 5005
927 8410
1228 6960
2421 7666
2387 6788
286 5893
957 5624
2711 5586
2796 7866
2811 8752
1119 8099
1634 5674
615 6812
1817 6800
551 5578
1154 7659
890 5423
3154 5928
3148 5825
1390 7354
1136 6526
3254 6913
3162 8216
1311 7567
3125 8605
2173 7565
918 5538
880 6265
3014 5194
982 5427
1080 8529
49 7137
3418 8558
3272 7127
1253 7896
220 7850
1839 5024
3241 7927
2245 8040
1239 7415
2966 8274
1418 7895
755 6244
2472 6925
2914 5738
645 7189
2392 7549
1599 8477
797 5819
2955 6685
599 7838
1047 6044
1656 8665
1318 6278
1059 8369
2241 8282
1218 5528
2212 5548
2467 5616
2728 7694
2453 6630
1718 6508
774 5460
3084 6336
556 5972
1322 8699
2345 6522
1071 7494
3234 5562
1737 6304
3328 5849
2631 8224
342 8784
1130 5749
2073 8070
3230 8252
2556 8213
2561 8162
691 7937
1616 7402
3283 5684
1941 5257
560 7173
3057 6497
3245 6857
1735 5619
1219 5211
2784 5432
1285 7249
1732 6010
1227 6167
925 5110
410 6824
250 8277
1442 8793
3371 5171
89 5208
96 7831
3219 8317
1635 6516
654 7353
458 5032
2737 5988
3211 5835
288 6499
2794 5162
1189 6274
2128 6317
2489 6629
1078 7606
308 5190
1625 6603
1574 5034
2823 6413
707 6101
502 5921
3413 5879
843 8103
3365 5334
2990 6466
2882 8598
2772 7159
1200 6207
3453 5297
1025 6358
819 6348
3404 8535
1255 7833
2167 5441
2534 6578
511 5242
955 7014
2033 8661
738 5943
2656 6608
1992 6858
2588 5875
2642 5871
3300 7126
1343 8002
2007 7835
2894 5529
523 7476
3467 7998
516 6006
2429 7127
2064 5710
620 5573
783 8386
208 7618
2605 6051
225 7182
2217 7521
1792 6955
1776 8304
1610 5760
2251 5075
512 6555
1097 6342
1035 7802
2328 7031
620 7244
3438 7512
1726 5108
2723 6070
263 7814
2581 7046
2297 5813
838 7321
3094 5491
1985 6188
362 5234
1524 6590
2791 6923
465 8508
1829 5221
2568 5751
3471 7433
76 8272
298 5964
2400 6322
3169 5900
895 7289
576 6494
1079 7386
2100 5975
2494 6243
2111 6121
2191 7356
69 8313
1840 5990
3055 6903
723 7723
3027 8086
366 8023
1727 5260
154 5445
368 6804
2464 5452
2834 5506
555 6756
1347 7558
208 7804
2629 6325
1603 7374
164 7061
377 6485
3015 8728
2074 5469
1814 7610
3070 7276
2004 8350
2118 7575
3022 5869
1612 6856
2675 5433
2675 6135
3353 5978
2743 7823
2289 6750
369 8306
1346 7486
2605 8200
3347 7647
1157 6940
2041 7606
817 6087
151 6456
180 5737
2237 7361
838 8764
232 6627
102 6020
2052 5889
3318 8028
2865 5572
1388 8747
598 8566
1924 5087
2982 6917
2763 8480
2401 5322
2686 6424
91 6139
3483 5522
875 5462
979 7985
1807 5279
3061 6202
3126 6604
793 6828
3126 6334
2853 8014
1583 5859
1177 6778
2256 5194
1245 7162
2532 7862
2390 6000
3044 6495
232 7578
207 7077
850 6101
197 8183
1495 7201
1441 7819
1242 5038
1977 7486
1444 6157
2219 7646
580 8682
1033 6942
1210 8385
2060 8450
252 8238
3062 7692
1618 5185
2757 5230
3336 6114
1371 5633
2909 6466
2343 6749
2070 7258
2920 6178
3132 5383
1369 6895
258 5751
2813 7288
1290 7813
1556 5925
1570 5643
65 6729
126 6616
229 5665
2300 5832
1591 5630
1831 8340
1630 5732
596 5793
1989 8731
2181 7197
2345 6925
243 7183
124 7170
1143 8502
2539 8489
444 8326
3037 5480
1031 5174
543 7845
2675 5909
2687 6342
812 5559
813 6054
2309 6698
1386 7337
1845 7166
175 8578
1438 7956
3130 5290
1447 6637
3015 7652
724 7879
3294 5455
1098 8220
1103 7820
1337 7043
1854 8440
892 6291
120 6028
3076 8469
309 6219
2897 7314
371 7844
1156 6389
3059 5721
406 7666
667 5719
3323 6838
2484 6431
2883 6713
261 7692
2069 5178
887 7502
3173 6161
1994 8646
3435 7715
2856 6379
444 8465
2393 6772
1384 7450
1471 6943
2981 7795
163 5378
1104 5852
1123 6392
2965 8037
3049 7086
2527 8136
1112 8270
1508 5760
293 8691
30 5323
3425 7079
3040 7436
1881 5426
215 7116
1027 7132
1460 5394
1387 5404
3064 6048
523 7753
1181 8408
3019 7441
2509 8583
1756 5161
316 8337
3160 5133
2450 5525
47 5792
1801 5570
1460 8493
1685 7074
2949 5039
1582 6662
1671 7327
1578 8595
2133 6404
3158 5267
404 7223
752 5830
1575 5559
1231 5971
1883 5858
155 8298
3014 6790
2868 7308
236 7279
2433 8060
330 8585
3415 7624
2795 6393
692 7043
2159 6903
2817 7685
2114 5278
371 6334
2961 7951
1181 5734
771 8675
12 6496
3022 5448
2905 6416
1766 8174
1543 7051
95 8258
749 7398
791 8203
2130 7818
1715 6843
529 5526
82 6512
580 5630
834 7163
655 6394
1274 5112
530 5354
2063 7248
1831 6424
2287 6059
3436 6238
1694 8450
465 6770
1871 5413
1185 5928
1743 7256
531 5519
2153 7675
2075 6894
2018 8121
3093 7448
365 8449
1392 5845
997 5468
591 8724
1517 7598
2244 6421
253 7025
1902 7748
464 6262
1629 7819
2717 5509
779 8015
3422 8711
1657 7118
133 5922
530 5319
1696 5253
3155 6563
2748 6797
1456 6898
2662 5575
1238 5081
923 8646
2222 6403
212 5112
2069 7589
1744 5772
252 8366
2164 7582
3034 8071
2631 8134
3223 8559
636 7646
247 8507
3072 7155
1383 7596
337 7862
2027 6841
2955 7651
577 7135
941 7609
58 6477
2763 8051
222 8381
141 8303
285 5832
2796 8693
2719 8385
1767 6266
1307 6053
1058 5902
3423 5857
909 8450
699 6837
3203 6110
644 6040
1493 6954
1019 5268
2548 6323
2987 7235
2292 5305
434 5993
1049 7839
1127 6268
123 6842
1847 7330
2928 5397
849 8354
1196 5516
2177 7350
2814 7664
2659 8039
394 6699
1053 8089
3434 7036
2328 8192
3040 6677
3111 6091
3068 5947
6 6280
2486 7886
1753 5801
2667 7641
2261 7782
1193 8524
3329 7339
840 5625
1845 6883
2846 5051
2863 6716
893 5870
2592 7149
1259 6627
3386 5573
670 5898
13 8486
54 7797
2082 6314
1396 5299
746 6101
1184 5458
3164 8172
1593 6272
1451 6084
1307 8204
3330 6733
2657 6680
3413 6896
572 5914
2935 7232
772 6908
1256 8445
238 7729
2537 8030
65 5376
2185 6000
829 8422
294 5033
289 5559
16 6082
948 8468
510 5173
362 7788
379 5284
1747 6620
1111 8170
2816 8329
1670 6245
3433 8720
2723 7780
1692 5547
445 8525
2308 5671
2774 8347
2172 7172
605 6614
888 8012
1294 5275
2976 8584
2175 5126
3304 8343
2905 7405
652 5849
2447 7935
1753 5531
891 8548
1160 5987
3455 7855
2713 8150
1069 7153
854 6400
1269 5776
3429 8452
1019 6960
1495 5733
705 6664
2479 8204
2718 7296
387 7627
2304 7458
989 6138
927 5759
1148 6511
1398 5995
1656 8187
2746 8100
279 5771
121 6190
1622 8428
2892 5891
1051 7931
3200 5633
957 7507
590 5948
2533 8192
3213 5654
2149 6508
895 5284
974 6136
751 7611
661 7966
1282 8346
1992 5580
1065 5978
3467 5532
2066 8180
3109 6881
2344 7529
1368 8380
932 8112
1397 6008
206 5523
493 5859
1964 5435
2981 7814
2977 7630
3469 6255
865 7901
1331 7197
456 7787
1680 6275
2528 8579
695 6321
1687 6681
2829 5735
1369 7180
657 8211
2069 8426
193 8029
746 6877
2649 7969
2601 6444
3302 7877
1482 6813
3005 7388
747 5026
2657 8522
211 8489
3207 7257
2958 7672
1904 5771
1360 5561
16 5937
2081 8354
1905 5843
1724 5576
3254 8393
2171 5670
1333 8074
3334 7976
1055 6362
1609 7965
1314 7657
2419 5053
1103 5602
952 6287
2142 5105
1542 8069
1850 5161
3112 8124
233 6277
59 6519
3440 5781
2722 6219
951 6708
1760 6232
2083 6391
2775 7670
2748 6552
131 6359
909 6436
1019 5700
2001 6409
227 7171
3295 7261
1755 8414
266 8099
3246 5199
1683 6935
583 8299
758 6892
3472 7365
2331 5091
232 5901
3465 7031
1431 7208
2283 5943
2231 6017
1195 7011
3294 5336
355 7083
2625 6834
3270 8588
2762 8554
2023 6453
1373 5247
2540 5897
128 6237
1066 5941
1493 7513
1530 6069
616 5743
3451 6610
2453 6637
1651 5119
603 5518
2867 8644
2130 6952
1266 6786
2419 8303
2600 6176
2201 5390
2332 7109
486 7722
3423 5895
2362 8122
1384 6699
2086 6756
1200 6326
573 5321
1476 7364
387 7348
765 5631
1204 6399
2187 7347
1472 6174
1386 8079
234 5888
1581 8070
482 5276
372 8207
1898 7872
753 6169
1881 7479
417 6419
1270 6724
996 6500
2518 5266
50 6134
533 6399
1215 6280
1013 7240
954 7172
1629 7494
2025 5773
1693 5225
2444 6302
2417 7636
243 6351
715 6561
2628 8353
2945 8630
518 7061
2007 5593
3054 6479
3097 5104
216 6585
116 8020
2438 5205
2102 5023
1275 7066
835 6779
2807 7508
2796 6149
2976 5701
1447 5058
2848 6624
3093 5752
30 5872
775 8024
2710 8364
2401 8498
1037 8341
3186 6011
1076 7427
624 8283
1695 8717
1531 8193
2425 7888
1667 7171
294 5426
3339 8304
997 6272
2163 8729
772 8676
1918 6071
48 7451
2204 7158
741 7222
1810 5851
2434 7326
1656 7378
2133 6446
2545 7764
2094 7444
2185 7094
2948 7560
1759 5981
2559 8232
3199 6129
164 7339
1135 8487
1666 5212
1559 6652
1806 5946
209 7430
2682 8494
1753 6909
3349 6324
319 6634
210 5814
1531 5903
1941 5981
2789 6312
118 5481
1696 6248
1342 7875
1034 7871
3491 5185
2774 6114
2227 5690
1250 5443
2282 6122
1692 6035
2587 6712
1394 5494
3269 8503
141 6677
995 8226
2878 5169
2323 7267
210 5279
2658 6221
3168 5399
318 6744
2180 7338
948 7518
1971 6467
1836 6444
3272 8445
2807 7290
761 8373
2331 5455
2010 5625
2241 5583
1584 8433
1420 5902
90 5373
3412 5801
425 7960
473 7971
1902 6179
93 5277
2516 5221
507 5858
2622 7153
917 5258
10 8385
2289 6685
390 5850
2063 6795
1211 7263
2222 8537
2440 7979
1620 8055
868 5353
3183 6144
319 6822
1770 6969
3242 8305
3023 7565
1053 8242
810 5800
1909 8649
3401 6707
2290 6448
2561 7224
2095 7564
2677 5830
2083 6735
50 6215
1970 6858
1472 8648
1604 8010
2035 7648
2841 5728
2480 6309
242 7613
324 7323
2135 6101
3224 5343
3010 8179
2015 8284
319 5750
262 6635
2476 6915
847 8160
3342 6595
2196 8738
2685 6351
1696 5123
1180 5545
2305 5562
1317 5204
480 6253
2968 5318
415 5914
2373 6364
2190 5608
803 6815
3087 6617
490 8351
2941 5027
3237 5333
579 5040
245 7277
2205 6122
1536 5388
992 7939
1965 8342
1319 7932
3399 8491
2996 5212
2496 7018
2296 5620
2644 5767
2562 8736
362 5433
1446 5904
3314 5751
3141 7712
564 5053
1802 6357
1056 7169
2901 8153
2167 8451
23 7129
2025 5020
2289 8701
1447 8350
1530 6591
78 5252
1694 7496
1012 7051
688 8367
2606 6274
1270 6619
1108 6070
1604 8531
1565 6177
2686 7660
2622 5284
1066 7092
3081 6154
3445 5844
1156 7366
2268 6683
3480 6968
1090 7064
1723 6189
213 6576
357 6301
2418 6961
666 5112
1745 7198
2259 5779
872 7612
591 5488
2563 6660
2748 7980
3483 6179
778 7532
3371 6310
2135 8354
3424 6017
1232 7021
2744 8346
1146 8080
1137 6474
21 6228
1079 8196
1277 5087
1315 7369
89 7903
381 5058
309 6570
1489 7976
487 6376
3377 7705
502 7827
1967 8796
1834 7789
488 6678
230 7235
1044 6333
1278 5657
368 7286
827 5126
704 5490
1693 5433
570 5199
3225 5636
1146 7276
520 8320
3348 5388
2646 6650
1591 6646
2082 5092
3139 7292
3272 7471
2389 5980
268 6039
1630 7716
2367 7895
1289 7777
3199 6911
3429 8009
2328 7939
1202 8790
1832 6182
1486 6598
770 7063
3196 7586
2819 6227
2568 8196
273 8235
2721 8293
3377 6503
827 6949
918 6843
691 7828
230 5760
2902 7640
125 7246
2773 5968
1940 7274
2981 6129
1291 5619
2085 6935
2414 6881
3363 6350
1480 6151
1653 7257
213 7344
3141 7075
3183 7792
3363 5548
1863 8469
221 6230
2533 6342
2039 5224
651 5370
272 8627
3229 8380
1361 5380
1222 5342
1828 6202
1478 8292
200 7456
481 7714
699 6764
1767 8512
1819 8577
37 7053
3298 5801
3303 6618
2012 5016
726 8304
443 5357
743 8125
2989 6114
928 7786
3483 6415
491 6073
1137 5513
605 8430
1845 7441
1921 8187
177 6626
2377 5656
957 7331
1168 7578
3304 6798
520 5139
2598 6471
1902 7635
2734 7233
2668 6358
3028 6478
3418 7086
1646 6286
2800 5803
3138 7554
1799 5103
152 7608
1602 6782
1078 7882
195 6838
1591 8363
378 7036
752 6809
1949 5880
960 6969
3173 5825
3415 8631
3300 8004
3202 5237
3307 7337
3356 7366
429 6070
2024 5308
1653 8432
1685 8703
861 6295
1918 7142
2936 7378
675 6827
501 7099
399 7490
1164 6452
2813 7898
2316 5042
112 8431
2889 7000
3490 8463
2784 5599
172 5044
3029 6469
3018 7129
2585 7884
2159 5937
85 5013
814 6372
1545 6980
3312 7299
1152 7798
32 5358
1591 6296
1786 5436
3335 8521
2944 7083
1672 7219
1542 8472
2488 8446
534 5618
892 7357
987 5314
973 5685
3102 7109
50 6924
1593 7405
1370 6847
1173 7213
2816 8006
1231 8756
457 8755
1411 5083
612 6401
177 8354
2575 6449
1439 7944
1714 5243
711 6914
2078 8763
2149 5854
784 7874
3204 7520
2645 6983
249 6277
896 5021
519 6798
2554 5287
2725 5143
2729 7193
2989 6617
828 6624
3087 6868
390 5413
933 6345
1862 6246
820 5479
2994 6518
3203 5124
3026 6151
1754 6159
838 5004
1554 7107
3022 8763
207 7959
554 6523
1150 7692
575 6811
580 5006
133 5555
2359 6455
3313 7495
1659 6376
764 6689
948 5433
620 7318
1902 6115
863 7564
1608 5964
2978 8257
1161 6514
1796 7032
2505 5684
435 7944
1740 6294
3098 8630
1060 6923
3444 7396
195 6952
1123 7466
697 5702
293 7020
83 7656
1027 5683
2250 8318
1062 8273
3340 5082
1035 8535
2656 5297
1017 6457
65 5083
546 5245
3135 8502
290 5367
2134 5008
2739 5105
1472 7621
930 8249
443 6016
329 5660
2646 8356
1705 5505
674 5949
722 6097
2112 6138
757 5238
3041 7951
1144 6920
822 6849
1180 7720
2669 5392
1652 5375
196 8716
1177 6630
2037 8209
3106 6668
3065 6069
1132 7347
1081 6060
1289 6220
2177 6521
3274 8341
1599 5224
2005 5720
1152 6786
2698 5357
1441 5240
808 5986
321 8084
3238 5179
1673 8308
3405 7429
108 5880
2019 6719
3227 7479
238 7794
2720 8692
3320 7280
655 6615
809 6084
3025 8041
1183 6984
2841 7744
834 6565
1935 8756
2072 6206
1874 8369
3147 7638
705 6622
2637 8667
1658 7421
3242 5947
1511 7436
832 7566
1305 5092
215 6268
1673 6680
2268 8761
1404 6511
992 8645
2422 7238
2896 5153
78 6536
659 6039
1122 6327
1014 7569
437 8224
1888 7685
1584 5273
2806 8336
1129 6342
1220 8368
124 6501
3376 6142
3420 6439
150 7140
1534 6832
486 8155
1972 6072
2142 6153
3185 8395
1935 8497
1075 7374
397 8162
373 8163
3261 8021
2155 5039
2495 5929
2810 7146
1688 6217
3392 6142
3121 5977
3319 8115
2105 5941
192 7763
2240 5811
1860 6834
708 7281
302 8416
2904 5378
3112 5130
2010 8149
359 7141
1353 7238
3191 6517
2407 7329
2504 5557
625 6757
1461 6567
3309 6101
1359 6607
2200 6189
3405 6251
664 6651
561 7678
1679 6403
864 6205
3084 6240
1237 6161
3281 7296
2827 6894
3494 8055
3192 7372
2717 7262
940 8268
679 6990
3 8397
946 7511
2450 6159
2964 5326
476 6607
366 5463
3292 7789
2612 7647
429 5467
2872 5877
2147 6455
1701 6762
2804 7994
3434 5318
2105 7538
2319 6253
2409 7908
3043 8610
1418 6206
2183 6059
2155 6541
2822 7285
162 7850
1906 6113
559 6443
662 7039
1105 6319
3071 5850
1208 7521
880 5397
2598 6928
2088 7500
541 7902
1195 6430
1601 7608
1530 6160
1654 7766
2007 7550
801 7796
2641 7510
2968 5128
290 6782
1062 7301
1637 6575
2416 8799
1638 5345
2432 5767
3139 6034
2884 6729
2014 5993
623 5989
164 6536
3281 8091
20 5777
369 6803
2445 5607
710 7915
3072 6816
1639 5562
722 5194
2460 8397
2360 5860
1452 5447
2648 5487
3296 7423
250 7133
1672 5204
3039 6888
2756 8076
138 5766
3394 7982
275 8667
1791 8748
1965 6967
1626 8358
3407 7722
2784 7067
1179 7678
1564 8432
1046 7852
2927 8606
2334 7297
3304 7815
3396 5778
1516 6737
3008 7061
1200 5550
575 7178
2429 7627
2565 6603
1577 5952
2331 8568
352 8752
2527 5349
46 8290
1057 5384
67 5486
1564 7774
1371 8420
1237 8165
979 8705
3455 8751
211 5260
1812 5629
1062 6368
2411 6066
911 6810
2623 7602
3273 5446
3083 5803
1005 7756
2930 5331
298 7425
380 7466
2361 5116
1086 5033
1282 5670
3211 5171
951 6829
2515 7363
572 7611
880 7118
147 5266
3435 5426
1173 8027
1364 5544
1076 6840
3169 7574
1574 7038
2400 6255
3058 5111
2758 8031
974 5838
2343 5898
277 8188
1932 6924
2561 6779
2024 6327
603 8625
478 5736
1826 8264
561 8658
837 7116
2801 7048
873 8724
1609 7365
1347 5340
1058 8166
2389 6402
1131 5290
1875 7896
638 7681
1612 5849
1534 8339
230 6263
1952 5850
558 8277
1239 6939
87 6497
2915 5089
3118 5372
174 5962
3210 7116
81 7142
241 8242
2961 5349
998 7016
3429 7065
1221 5253
1046 7380
1276 8124
3082 8554
1307 5337
1637 5930
2566 6334
550 8057
181 7822
1128 6232
1429 8584
2716 6456
2261 7389
3158 8555
2267 7685
1162 7036
2636 5807
2765 8121
89 7656
2652 6896
27 5638
3404 7416
2006 8613
111 7345
150 5434
418 7167
1650 6094
1107 6403
3128 5933
1425 5530
1864 5071
3217 5546
2321 6783
2107 6243
1117 6042
166 6546
1892 8594
3024 6060
543 6420
1953 5536
597 7887
894 8733
123 5662
1153 6135
1972 6344
3099 7812
1843 6318
3461 8380
3420 5468
2359 6936
2604 6035
2186 7242
2521 6902
1960 7470
2377 7684
2993 5943
1006 5750
548 7084
3122 6282
1815 5037
1404 6247
699 8417
1551 7801
591 8281
793 6639
986 5411
2930 8595
2303 8511
714 6914
2245 6334
3272 8133
2135 5941
3381 5175
781 6012
829 5209
540 6083
216 7890
343 7999
1435 6034
1022 7754
3284 5928
787 7377
2539 7714
3091 6314
23 5838
390 8781
1361 7431
3110 6498
1138 6034
1633 7419
1719 6938
1837 7748
2916 5368
95 8632
3045 6199
731 8598
1917 8383
2543 5700
440 6056
1454 7802
1448 7930
3012 5722
1606 6314
3371 6446
409 8087
515 8459
99 6134
1701 7797
1264 7371
2392 8131
760 8385
1182 5741
1700 7540
602 6115
239 5484
3285 5655
1205 6869
98 8045
536 7085
429 5842
2847 6246
2052 8691
3147 6133
1921 6160
2932 8265
2578 6721
1524 8080
1666 6239
2858 7286
1291 6742
913 8440
232 5617
1226 8120
1581 8615
2780 6953
785 5909
2478 6710
935 5788
2602 5670
1808 7292
1576 7979
2904 8409
2881 7075
2195 5045
3061 7599
1006 5742
2235 5658
2770 7993
1855 7067
3301 8375
64 7063
1766 8159
2852 8464
337 7869
536 5491
431 8777
2300 7321
2995 7275
3475 6804
2842 5438
931 5973
1125 6986
1575 5083
2364 5278
224 6582
2933 6381
2414 7260
1421 5305
195 6580
3034 5526
2353 6034
418 6064
3192 6491
150 6415
1782 6961
2167 8122
2070 6457
2321 8162
907 8626
734 7769
1110 6121
1865 5034
2488 7531
90 6482
1221 6482
3441 6903
1826 6884
2884 7224
3289 5136
810 6102
574 5451
1022 5002
2532 8250
1021 8431
2998 5505
3159 6552
39 5027
1090 8645
744 5627
2636 7290
1820 6818
650 8785
521 5889
738 5362
2573 6098
3055 8519
2759 6978
317 5341
583 5210
250 6000
2483 5502
1943 6277
488 6333
2776 7302
5 6539
2215 6426
2638 8547
1626 7499
2375 5769
1911 8572
3246 7863
104 7795
2810 5918
419 5363
2441 6775
411 7157
2100 5706
611 8024
1150 5855
730 5342
391 5428
973 5241
498 5359
509 6958
2888 6515
2324 5248
490 5944
353 6136
3297 5814
3018 5820
1573 5642
3078 6830
612 8077
1783 6495
1663 8329
2669 8076
889 6622
3343 8623
2707 7020
2810 6376
2161 8753
2724 7310
939 5269
2571 6728
1857 5116
2562 7697
359 7723
503 6596
2955 6175
3066 5660
385 8411
3181 7528
321 7921
2056 6549
2255 5123
3450 6387
124 5145
116 8404
1671 5421
3202 7067
2959 8574
256 7034
2431 7418
2044 7574
557 7464
1825 6415
1387 8244
1529 6666
838 7260
2326 5857
1345 6843
2025 5735
2275 5124
492 5276
1984 8738
3061 7495
705 8741
864 7701
1564 5183
2962 5197
250 6711
2483 8014
456 5126
2617 5139
924 5080
3393 5086
1201 7846
1233 5570
244 5426
671 5861
3389 5106
641 6030
1461 7776
637 8132
93 8521
1931 5840
2662 7853
953 7579
1330 6703
1722 5938
2396 7190
2326 6361
1155 6546
185 6094
2693 6722
1694 8360
2614 5670
1038 5904
261 8473
1620 6054
991 5329
1031 6391
1557 6866
2438 7253
2960 5312
64 7800
1168 6700
413 8244
2095 5048
2663 7051
916 6022
1160 5532
834 6758
1291 6091
903 7094
3380 6587
1183 7184
3214 5650
2959 7958
435 7981
3014 6009
3234 5203
2221 8258
2197 6718
3322 8208
592 5359
1007 6636
1194 7001
1443 6017
580 5113
2550 5273
3010 5116
1381 6051
839 7194
1565 7377
928 8130
1376 5201
2733 6878
2403 6186
2086 7031
2850 8434
767 8388
925 6781
175 6048
816 6217
2458 7201
698 8080
858 6784
2941 8053
1442 6046
829 8170
1692 7732
3342 8218
1433 7326
627 6834
1906 5192
912 5622
661 6913
1962 6241
1008 7087
741 8580
1153 8532
2443 8387
831 7000
204 8293
1664 8670
3076 7795
1528 6611
1764 6506
1149 6765
403 7164
1306 6472
3457 7155
2117 8327
1438 8736
620 8656
2027 6179
2264 5761
713 5372
557 8562
224 5562
1553 6315
2499 7202
259 8624
1602 8034
1069 6386
309 7134
1 8335
1147 8466
1156 8661
613 7657
3000 6659
2624 8110
3336 7920
1000 8313
2494 5968
2738 6141
100 7836
3317 6488
966 5082
3336 6890
2522 6429
2251 7777
2885 5174
559 6747
2937 6795
1239 5566
2356 7255
3005 8653
248 6953
2896 6692
583 7274
1735 5294
2902 6433
1617 7812
3288 6034
2663 7513
1012 8111
1275 5524
2182 6812
1558 7670
761 8753
1704 7525
919 7804
1090 5775
3093 8117
2325 7195
1563 6998
1382 7205
194 5755
321 5376
586 5678
3225 6633
2146 6959
2451 5481
2909 6729
2419 6331
1836 8704
228 5903
18 6890
212 5430
567 7179
3311 5743
1423 5622
2330 6913
2157 8057
2179 7778
1547 7920
1347 7528
3477 6581
489 5286
302 6238
133 8177
1509 7959
595 7467
2664 8562
489 6792
1005 7052
2710 6927
1950 5786
449 5075
1074 8475
545 8059
616 6984
338 8631
1196 5393
124 5084
156 7378
2178 6209
2037 5446
690 7227
2698 7627
2687 7054
2455 6390
2943 6445
1182 5128
518 6036
3138 7858
66 8427
1225 5860
1257 5398
1600 8460
2728 5155
60 8181
441 8515
815 5366
2995 5557
2947 7221
1820 7096
1302 5764
1796 6791
1683 6810
605 7858
1717 6597
3294 7426
3365 7334
75 6500
1964 6621
1237 5915
553 8344
3330 5503
2148 5734
292 5338
568 8345
854 6749
838 7651
1355 6302
2578 6127
1653 8493
1550 8428
541 7536
1053 8750
714 6731
133 5461
2419 5547
4 8290
165 8397
711 5542
2995 7218
2669 5622
1468 8103
2030 5045
338 8682
1479 7200
128 7711
2517 7599
1023 7076
3328 6746
1345 6001
3395 8179
1410 5677
2573 6803
2518 7381
625 5695
1318 5317
1453 5308
557 6028
987 5680
1763 6371
2753 7276
441 7534
3444 6439
1716 6431
219 7228
1087 6479
177 8047
3374 8063
1371 7195
641 6350
3382 5208
571 8155
2576 8219
431 5749
1689 5439
2744 7145
329 6699
953 7508
2756 5883
2268 6561
582 5923
10 8349
2048 7353
879 6066
2606 5411
2270 7161
845 7873
168 7259
2524 5932
185 7146
2291 8279
231 7019
927 6541
2238 6127
2292 7348
1856 5258
1260 5456
1665 6451
2983 7930
21 5518
475 5282
821 7318
2590 5131
1584 8559
1034 8318
827 7618
857 7738
539 5010
2449 8603
1357 8440
294 5128
754 5186
121 8682
52 5041
2599 8785
997 8586
698 6577
194 5149
2531 6029
395 6717
1105 5546
813 7815
788 6864
1244 7870
934 7812
782 6550
646 7329
339 6776
826 7345
619 7766
2651 5606
637 7112
3018 5550
774 8397
2753 5831
1240 7933
2291 6575
1119 6343
3464 5383
2593 5855
2368 7424
2005 6715
141 7335
552 5365
2023 5757
530 6323
340 7394
1034 8766
2472 6291
87 8064
1755 5074
1897 6649
2636 5397
2401 7427
2868 7801
864 5493
2300 6192
2699 5605
1211 5672
1163 8762
2419 7087
433 7496
1701 5124
917 8029
3083 7448
1682 6932
171 8076
1901 7904
2477 7196
227 5211
3393 5333
432 6343
1765 6459
214 7821
1427 7150
814 6404
1747 7134
1925 5125
3448 6885
1076 7613
1936 6963
1788 7674
777 6368
2192 7841
3174 7917
954 6559
3302 8676
1042 6174
591 8433
1424 6507
3038 7585
207 8742
2994 7658
548 7698
3466 6043
3405 7501
2871 6374
1383 6682
2758 7155
2275 5109
110 7535
116 8254
3304 5764
3232 5754
2168 5451
2379 7967
3431 5639
3380 7855
1905 7348
2331 7894
2749 6912
1359 6383
2483 7449
3361 5467
438 7223
216 5156
1158 8187
2466 8402
1479 7319
375 5987
2334 8208
1349 5120
3099 8554
1468 8294
1284 5619
2483 5442
3465 7179
2529 6881
2197 7946
2329 5927
2048 7635
1220 7838
1517 7999
669 7857
582 7469
3479 7417
1757 5328
2317 8344
2745 5049
2938 5716
190 8784
3194 6126
1653 7381
2269 7020
2888 8723
1146 6980
461 5199
1751 6042
3144 7701
2943 5932
1705 6053
812 5052
862 8468
1947 7029
446 6189
2092 8745
3475 6313
1874 5650
2798 6661
834 6832
1029 7563
1086 6995
2456 7668
946 7498
750 5445
2886 7555
1385 6255
815 8243
3328 5339
1654 8024
3418 5949
61 8077
481 5976
2609 6270
1488 5579
2776 5549
3043 8211
1172 5164
1686 6641
3199 5364
572 6277
2345 6141
834 6507
954 7039
165 8117
304 8097
16 8313
2577 6439
337 6300
241 7761
2718 8535
3247 8706
2683 8474
108 7231
2514 5158
2544 8577
1905 8375
615 8764
3099 5282
2031 6328
1562 5474
2476 8199
3309 5850
3436 7137
470 6542
1057 7421
892 5210
1999 5345
456 8320
82 6491
1605 7676
3343 6769
1267 5410
478 6742
3173 7699
212 7334
1845 7243
1930 7740
1164 6366
1034 7937
289 6189
524 7664
823 8563
3080 6504
127 8445
730 5162
3138 5858
1526 7715
2231 8415
3125 5052
2652 5590
1999 6184
2754 8783
678 5078
2662 6751
1867 8616
1501 7385
2364 8427
2463 5931
2406 7664
752 6474
2636 5346
2327 7048
3352 7489
1131 6349
1768 8558
3343 6963
1955 6744
2893 6183
413 6558
2790 7237
2728 5782
3332 8707
2976 6230
3135 6993
494 5873
178 6926
636 8100
2861 6735
3448 7969
1359 6468
2031 6371
1890 5107
512 6844
317 6226
2809 7948
3141 7103
543 8515
302 8522
2244 6016
2608 5277
886 8282
474 5082
1979 5831
2306 6118
740 5004
27 5356
2522 8365
882 7118
1129 6821
1410 5024
2223 6832
750 7101
1305 7966
1653 6862
1000 5515
254 6687
1531 6981
1535 8348
3395 8405
366 8309
1287 5978
37 5558
565 6290
279 8674
2940 5715
545 6081
1263 5417
1490 7967
1303 7320
450 8287
2292 5205
119 6704
1174 7960
1746 6799
333 5636
152 8364
1445 5579
3088 5113
1432 5555
3448 6929
3336 5069
2654 5534
3486 7728
2213 5246
1727 5601
19 5750
3117 5455
2662 8391
3157 5012
1782 7864
958 8158
3417 6116
902 8598
130 6590
2111 7656
1898 8050
809 5629
1620 5478
1626 6277
338 6361
2335 7201
3440 5266
453 6521
2209 8684
1122 6769
2076 7369
380 5561
2589 5180
2982 6196
1908 5684
538 6873
1044 5414
987 7777
2192 6369
173 6296
1766 6880
177 5248
2085 5979
497 6674
3497 7368
611 6798
3119 7537
1661 5886
199 8277
2269 8669
1421 8787
2902 8773
2711 6643
2026 5866
2837 7960
2025 8169
1196 8084
1675 5342
2349 5394
857 6444
2901 6138
2234 5469
2625 5648
2111 7092
1223 6710
3019 8385
1925 6883
3301 6478
1327 5139
951 7216
3048 5498
3372 6000
845 6060
1616 7050
3384 6478
394 7677
1474 5298
2626 5156
3131 5382
956 7965
3243 7959
2981 6880
3238 5453
589 7258
2031 7614
348 5019
1108 7791
1045 7548
961 6848
47 6277
3135 5824
182 7374
1139 6568
1094 5068
899 6412
903 6735
2780 7648
2573 6762
2697 7840
1260 7810
335 7491
1674 8738
2058 6808
1092 7190
3271 7992
1922 6167
570 5486
979 6719
229 5045
3476 7853
517 6770
1144 7691
2965 5682
3012 6038
1865 7212
2868 6646
1856 6770
182 7102
498 6147
312 8222
2107 8453
256 8128
1412 5386
23 6288
483 8201
2707 7759
292 6150
2783 6473
1099 6740
579 7589
1396 6002
107 7397
3190 6499
2722 6048
979 5403
919 7164
3478 8166
629 7975
3178 6667
2504 8472
1014 7354
3323 7705
2093 7346
1175 6209
1397 6014
2188 6831
2666 7369
1659 8353
1500 8703
1016 5478
149 7261
2876 7584
1532 7548
489 6894
3139 5970
3093 5584
842 6202
2692 6949
1812 8205
3126 5178
673 6777
2821 5484
112 7601
3151 5816
1163 5917
1578 7800
146 5171
95 5337
3056 7990
2848 6203
860 8262
910 6456
162 5120
246 6313
828 7744
156 6781
1687 5676
3020 8268
2890 5146
2427 5947
427 7789
1526 5592
627 8508
168 6136
747 7564
50 8295
2660 6407
1754 6976
43 6396
1286 6262
581 6201
963 7203
2340 7439
931 8142
1751 5349
814 7690
3179 5944
1307 5332
47 5513
2707 8477
1208 5318
2076 7162
1884 5398
3447 6280
1460 8559
1406 6460
36 8347
1500 5817
2672 6371
565 7235
2168 5249
2822 7012
2715 8620
2468 6973
2344 5584
2237 7440
148 6949
3164 6899
2436 6217
952 5760
2762 6320
3339 5274
1413 7779
2167 5250
94 6286
3230 7811
136 7847
3406 6931
2740 6532
1623 7299
2286 7451
264 5097
2719 5360
1191 5076
1939 6283
2253 6695
3472 5832
2345 7378
3187 8355
3044 8013
1463 5315
3066 5606
3480 6902
42 5117
2098 7005
1251 6534
2362 8202
2745 5335
2212 5335
866 6059
1578 5169
2283 6950
3023 7061
2089 6178
395 6562
3232 5105
1774 5863
1348 5524
1976 5438
2619 8163
504 6945
3360 6470
1620 5155
2585 8132
1059 7403
1959 6257
1024 8413
2652 5709
2986 7153
2261 8051
3097 7216
241 5479
2628 6580
2382 7372
2959 7207
7 6413
119 7535
862 6170
1095 8257
2206 6246
333 8771
3112 6510
1278 5646
189 7276
1038 5660
155 7613
1072 7326
2069 8007
2337 7529
1072 8728
2057 6722
1759 6731
1742 5704
1465 7700
1884 7745
1178 6094
50 5255
259 5866
1827 8596
1242 5875
3335 5916
2430 6280
1964 7931
158 8145
84 8319
2956 6806
2620 5390
1179 5900
2278 6954
3477 6594
1338 6924
319 5443
794 5488
2206 7804
1916 5984
2304 7017
368 8435
2541 7971
3334 7495
3438 5973
2925 7164
1335 7055
2321 6779
1752 5826
2343 8240
270 6125
66 5091
1399 5751
3359 6741
88 5478
848 7193
2081 5199
38 7104
2046 6279
874 8515
1748 5754
1593 7498
145 8394
826 6154
3444 7363
2156 7487
2853 8268
3 8438
133 6488
184 5334
1104 8310
3416 8567
1802 6205
3152 7692
2332 5396
1191 7110
2715 5474
728 7561
3154 7017
2323 5674
173 7456
1845 8337
2992 6601
306 6315
1452 7951
3343 8532
824 8789
1740 5747
2072 7171
3427 6478
2387 5850
2026 5800
2845 6803
2341 8440
2195 7346
560 8723
801 8169
1447 8741
860 5738
1155 6372
1042 8452
1284 6510
379 7579
2659 7932
282 6553
219 6886
1031 6377
1534 8329
1161 5630
2621 6031
698 5847
1772 6086
178 8149
3138 8563
3462 8064
2789 5584
962 7127
168 7052
2965 5975
1306 6050
2735 6495
3291 5717
2648 7777
1736 7770
3367 6266
859 6678
1929 6718
487 6402
1099 8302
733 8644
2060 7067
1704 7824
1328 6360
991 6526
2682 6347
2104 7894
1721 5724
1011 7353
1258 5257
1871 5026
1151 5809
60 7734
1982 5759
222 8079
2843 8482
993 6503
2360 5403
1154 7723
668 6494
1156 5141
158 7397
3198 5847
975 5225
2960 6253
3141 6058
1240 7458
2417 5041
1564 7966
2823 6012
2321 6014
3104 7498
746 8236
1325 6800
3180 5873
690 6386
1780 5952
621 7966
1828 6789
2949 7798
3054 8750
713 5660
3363 8393
2981 7499
3422 6182
2443 6851
1847 5302
2093 5478
1799 7588
3054 7521
1621 8330
3390 5717
3278 6824
2132 5598
1685 6929
1811 5667
2420 6462
2758 8711
2587 5247
1179 6639
755 7838
2469 7790
2193 8463
1934 8605
2064 6878
677 5399
2799 6679
2177 6420
547 8467
1617 7004
2057 5569
3177 6639
3059 5748
2320 7163
2249 7068
759 6269
2894 6535
3095 7539
1738 5417
2503 8249
2862 7970
2725 5506
62 7495
637 5146
2087 7339
2533 7138
1685 5608
2147 8444
3074 6344
1812 5935
976 7001
990 7221
312 6816
844 5387
2119 5373
2088 6128
653 5608
3258 7378
819 8554
415 6470
2305 6104
1473 5382
637 7803
501 6328
2050 8467
2512 7220
1921 7013
514 7406
3120 7538
1608 6485
1532 7306
229 7651
1036 7849
3472 5895
2698 6489
1264 8247
2518 5976
1859 5993
968 5108
1271 5892
139 8076
2998 5746
2259 5504
1765 6497
1303 5668
307 8027
464 5249
2182 6714
2824 6156
591 7032
2422 7195
3222 5358
2681 7277
913 6699
1295 8274
1133 7392
2472 5411
1676 7777
2423 8267
1121 5046
2556 5318
2497 7339
1087 7232
1116 5197
628 8610
243 7374
1900 5897
1243 8267
1390 7943
2989 5860
953 5541
1819 6235
750 7857
2824 8313
369 7557
376 6797
1144 8712
3066 7118
206 7314
1949 8667
1041 8130
2816 5073
3403 8513
761 8326
1919 5452
2741 5275
607 6750
3170 5815
3116 6205
48 8657
1112 6822
340 5910
2043 6219
2466 8764
1077 6444
50 7878
1027 6652
3102 6017
1656 5557
2430 5806
2678 8230
2920 8314
2909 8700
1812 5610
123 7863
3022 6450
1156 5007
239 7832
600 7686
982 8581
2247 8672
1272 5804
1921 8520
1458 8630
1942 5836
3081 5165
1683 5244
377 5647
2302 6551
2323 7357
2926 6016
249 7069
1531 7951
548 7932
2572 6370
3496 6808
1057 5005
2877 8670
503 7159
302 7175
2302 6055
797 5513
663 6375
1030 8515
1254 8528
689 8440
626 5726
2333 6991
786 8454
2691 5762
1854 8341
1993 7623
335 8547
1151 8324
158 6936
3155 7950
3068 5077
344 8715
2218 5350
2662 6430
723 5078
1152 7067
1962 6868
1246 5203
1036 6213
2039 7866
2751 6881
2290 6304
2968 5594
21 6965
1946 6531
2870 6921
2095 8662
1701 7986
2819 5905
353 6607
758 8249
934 7997
1279 8359
2488 7488
2879 8314
3182 6468
3438 6214
497 7300
1100 7843
202 5747
2066 6537
1665 6361
2728 5731
1332 7832
1382 5153
783 5496
3098 7082
2673 8775
133 8665
2159 7869
3171 5448
2423 6016
1036 8178
2096 6163
632 6846
1788 7140
1395 8521
2558 7742
1370 7298
149 6476
2465 6356
3464 5351
1573 6544
720 5401
3183 7225
3495 7171
97 7588
514 6109
2769 5623
933 5684
2756 7217
1658 8273
2645 6931
1395 8375
2450 6110
2244 6325
3225 8084
1044 7629
1235 8531
1179 8027
998 6328
992 5858
829 6880
2959 7668
3036 8509
3118 8353
455 5270
2104 5722
471 7160
1162 7142
1883 8468
2461 6812
3269 6521
664 8690
2733 6636
2834 5325
2821 6868
3282 5026
1794 8091
1907 8197
609 7338
894 5832
470 8508
1902 5918
3437 5111
2138 8289
414 7142
93 5385
839 6426
1634 7397
1398 6577
1917 6287
1 5927
2598 5411
748 7685
292 6024
1474 8296
337 6554
1028 7100
2044 7583
3480 6200
3167 6673
1738 7523
2378 6979
3319 5439
563 6552
892 6269
2912 6024
2561 7289
3430 6452
3169 6655
1695 7460
412 8078
1623 6751
2954 8573
1934 8387
2944 5419
997 5382
1648 8571
2541 7884
502 5976
892 6721
2396 6221
1715 8569
1666 8552
2443 5854
590 6720
2681 6371
1958 5789
956 8463
791 7415
1264 6387
2812 7273
1136 8575
156 5735
1755 6642
1820 8566
159 5745
3353 8171
2474 8370
155 6862
598 5697
538 5096
3296 5043
710 8612
712 5329
608 8314
370 7127
477 7713
3496 6782
2101 8462
3406 5046
1344 6616
2738 5400
956 6982
3285 5435
473 6507
917 7261
1363 8760
3270 5213
712 5211
259 8694
1533 8647
840 7007
2470 6532
1785 5369
1276 8424
1332 6648
1323 5910
2331 6166
732 6782
3193 6820
1472 8453
830 5298
869 6415
2313 7073
1149 8026
369 5807
1181 8389
1711 5674
2500 8737
1311 7969
3300 6558
3351 6848
1376 6545
744 7722
3191 6260
1224 5700
3179 7046
1756 6591
2957 5061
3319 6902
3345 6242
378 8281
2961 7308
2965 5970
879 7976
2446 7390
1782 5959
2965 6165
1032 8160
1844 7022
1601 7199
3087 5108
2995 6142
2055 7102
479 8627
2162 8030
263 7090
2954 7439
804 6837
3304 6381
2594 6913
930 7040
2157 6155
656 7377
1958 5643
98 5888
3291 5007
475 6092
1727 6275
578 8653
2882 6568
436 7007
1311 6442
97 8504
1131 8199
2678 7652
2041 5389
1568 8094
82 6963
1358 6042
3499 7690
308 8209
1345 6229
1294 5292
2324 6591
3315 7477
2835 7132
1948 5506
235 7755
176 6867
1189 5746
1685 5679
1489 6587
3262 6137
505 6998
2986 6641
139 5910
1373 7048
370 5360
402 7828
3178 5281
2085 8037
2297 5968
3186 5583
221 6924
1853 8025
215 5463
2171 5277
3114 6571
3481 8786
2397 7036
3136 5942
3465 7590
757 7503
2499 8032
602 8244
3248 5314
308 8271
2985 5179
2854 5382
3097 5558
1394 7146
1005 6957
3434 5920
1999 6182
2062 5726
987 7149
656 7264
3010 5795
2756 8140
2619 5902
2449 6203
1706 7769
932 7185
943 5669
908 8166
1064 6679
3161 5262
2306 7700
1253 6526
1101 5307
904 7216
2062 8634
2038 7649
945 6900
34 6233
447 6553
1413 8418
829 8038
1309 8220
2166 8134
2716 6185
2765 8617
852 6349
1963 8757
320 5904
88 7674
3006 7951
2899 7786
2294 5455
2851 6361
1319 7284
3418 7833
2481 6729
3105 7225
3087 8288
3478 7831
3130 7709
1181 6819
2958 6478
3307 7623
846 7486
2695 5596
1666 5626
833 8294
2152 5595
3411 5842
1172 7405
261 5950
3017 6688
2357 5979
2015 6805
192 5479
2718 5259
1272 8670
606 7530
1463 5386
1457 6551
1102 6624
815 8042
2189 6972
2984 5269
1022 8424
2251 8078
460 6873
673 7070
586 8291
671 7123
2644 8695
1728 5947
297 8705
990 7721
1810 7662
760 5869
130 5022
717 7935
314 7534
2951 8229
1951 5826
2281 7118
3058 5401
1049 7973
663 8665
200 6561
1497 8749
2929 8732
1765 7668
633 5899
253 6532
847 8094
3239 5502
2431 5777
2617 6820
3391 6714
1571 5448
1355 6276
3356 6591
1157 6075
2173 7318
3151 7312
868 7115
499 5799
519 8216
1927 5288
1987 5267
955 7235
1064 6153
2387 5480
994 5261
1825 8549
2466 6139
359 6945
2141 6698
529 5545
1768 7809
3330 7904
1432 7425
67 8717
3080 8747
1060 8312
197 6436
2838 7652
1346 8406
344 7787
2364 5889
526 8614
1091 8218
319 8781
2798 5570
1877 6639
2043 6578
415 8433
1390 6437
2782 7572
1572 5776
2320 7562
3395 5733
2201 7425
268 8006
1626 6916
976 6792
2712 7405
811 5821
3053 5848
1162 6151
3130 7628
2003 8642
912 6267
2198 6873
1202 7541
2330 6260
595 6671
3312 7184
464 6889
619 6408
1194 8617
3261 8659
3321 6242
2361 7829
983 5177
1398 5946
930 5242
1523 7160
1931 6509
603 5517
605 6583
794 7233
2069 5607
973 7941
960 6766
1899 5548
534 7378
2980 7232
3004 5397
1922 7465
360 7769
2657 5554
3370 6559
387 8108
2643 6801
110 6543
518 6348
581 7142
2563 8770
3193 8250
307 5294
675 7402
1271 6361
3184 8458
824 6957
1009 5097
1535 5233
2885 6303
1027 7148
1789 6103
3320 8717
782 8193
2381 6002
2679 7779
3459 5935
2545 6721
539 5834
2959 5395
2325 7925
646 8102
903 7171
1351 7742
2158 6439
2011 6450
1656 6761
2791 5272
565 8738
2136 5634
2849 7466
2251 8113
2474 5080
1856 5058
1134 6898
672 6262
2449 5533
2698 7398
1968 8399
780 7254
12 7067
2565 6410
2496 5038
1633 8791
2584 8711
551 7595
3332 7316
1066 6159
657 8147
1783 7123
594 5453
1874 6315
1797 5122
2427 8305
1767 7161
3071 6876
1945 7231
3027 6831
1737 6738
928 5612
876 8694
1092 5963
149 5376
1104 8509
154 7689
202 8478
2830 5021
1496 6147
1019 6596
2214 8776
264 7025
3337 5149
637 5249
3204 7218
1050 5606
2232 7032
3309 8437
918 6626
1372 6093
448 6100
1679 8290
3012 6843
2201 7136
2647 5893
3433 6195
1962 6994
2835 6214
2633 5339
368 5306
2357 5874
3054 7610
1936 5826
1352 8270
446 6728
2985 5268
2822 7915
1311 8005
2173 6832
357 5127
1343 5233
121 7894
64 7103
3376 6641
656 6013
2715 6931
110 8495
3051 7702
144 7147
1267 7719
812 7446
3492 7622
395 8714
1961 5028
1171 8559
553 7906
203 8128
3298 7711
703 5439
2463 5866
2741 7156
2388 6977
1270 6305
2360 5954
66 5225
3419 5016
2247 5947
3309 5425
2439 8034
2571 5285
2939 6695
601 6704
3023 8113
2743 6092
1124 8539
2888 7505
2365 8294
932 6679
509 7393
713 6622
1316 5239
2272 7563
3472 6296
605 6037
1901 5394
1252 5809
1548 5673
1189 6907
776 8236
1106 8358
2791 5162
1392 7462
2448 6133
687 5035
1184 5870
58 5753
2150 6674
391 7198
2962 8051
1190 5804
870 5586
2644 5200
3248 5419
3293 6185
270 6793
562 7133
2459 8533
429 8192
2013 7825
2862 8783
2247 5113
95 5012
3269 8564
3366 6363
522 6767
1933 5692
73 8650
3255 5497
351 7528
2801 8763
2792 7353
1191 8008
2676 6498
2440 8737
2224 7728
227 7225
3369 7793
2436 5015
208 8052
2927 8568
1443 7257
2579 8486
1415 5139
389 5574
194 7213
2585 5921
1931 5867
2601 7681
2247 7075
314 5159
3190 8284
1924 6874
783 8774
1678 7202
2716 5626
1132 5125
274 5099
1890 5458
1635 7012
718 7741
637 7524
2966 7387
3254 8296
3268 6782
1000 5736
1885 6739
1123 8613
1655 7273
2244 6016
2899 7229
109 6055
839 8356
854 6564
1812 5832
2454 8646
246 8279
563 5132
1710 8512
1434 5879
232 8448
3286 7215
1939 7444
410 6441
1226 5240
3497 8176
1324 6807
682 5114
1538 6044
2317 8684
1736 7320
428 6824
1809 5972
845 5973
70 7402
2819 6032
2134 5983
482 7010
1279 8732
1848 7578
3236 6757
2578 8501
1698 5665
1836 5227
2555 5548
48 7787
2305 6585
1556 6410
2343 8772
1450 7680
1515 8711
1896 6683
2480 5163
2488 6080
2620 8641
2337 5975
3421 7481
3314 8071
2711 8155
3110 6930
2741 6325
3193 6162
1613 7781
943 8012
3081 5271
1799 7676
3459 5584
1025 8609
39 8099
2727 6610
396 5100
3452 5097
1812 7004
1021 5391
505 5245
2989 5568
120 6975
3456 7761
3163 7842
3136 7983
1889 7492
1371 7913
2036 5317
243 7393
1984 7073
2647 7215
3022 6389
945 6519
2079 7918
2845 6796
1702 6295
3061 6932
208 8162
2796 7294
247 5961
520 6954
932 6668
2903 6776
57 7493
2994 5763
49 8267
1221 8671
3326 6908
2905 5193
417 5791
1379 6078
840 7777
2589 7823
693 6389
2930 6867
3337 5513
958 6533
3475 6063
2191 7672
2853 8282
3093 7864
2036 7538
677 6315
156 8545
2364 6519
158 7286
1050 8166
3242 7922
1709 6456
59 8762
2134 7383
317 7396
2383 7377
1148 6213
2750 8073
170 6106
1265 6479
611 7541
1070 7113
308 8339
2761 6906
1930 5876
2536 8307
875 6779
1734 7255
2354 8255
671 5739
359 7160
707 8749
1345 7790
1156 5244
503 7374
1642 8640
1008 5838
1909 5492
1990 6084
141 5609
462 8001
541 6717
3193 5716
2616 5156
1262 7949
1097 7157
1815 7406
1641 6593
129 7801
2011 8079
2492 6982
3495 8588
2557 8659
2761 8441
1162 5258
955 6661
3348 5973
26 8636
863 8357
1678 6976
1763 6323
2225 8560
485 6326
3146 7798
2324 8127
2668 6269
1565 7809
1236 8146
924 6238
1987 8042
768 6861
100 8405
2445 7936
2511 7201
3001 7309
2189 5306
2938 5299
695 6657
117 6296
1517 5963
157 8416
242 5427
2062 5961
3186 8242
2104 6509
2167 6574
2165 7047
344 8729
2781 6473
2271 7675
1207 7902
20 7482
1465 5995
1830 5994
1247 6276
1227 5632
654 8452
1439 5235
1307 5524
73 8357
1425 7080
208 6109
3191 8519
558 6001
1913 5706
338 5587
761 6814
488 7057
3089 6805
819 7106
2520 6049
619 8029
170 8155
651 5164
1072 5739
996 5641
2315 6193
738 8016
2635 7204
3326 5734
3263 7521
2270 6720
3428 6782
1513 5222
655 7687
2802 6025
1598 5784
2714 7755
3161 7084
1867 7782
3113 5734
2232 6265
1034 6463
482 6790
538 8447
1606 5383
553 5847
948 5690
2686 5694
3458 6018
3069 7306
246 8544
1863 5537
903 5121
1183 5433
2795 8786
598 5957
2196 5970
674 6401
384 6687
1082 6080
2259 8116
1637 6643
2711 7809
3464 5621
2792 8291
609 6829
339 5486
641 5748
1523 6152
588 8264
1202 8399
1948 8175
177 6214
659 5096
1143 8396
473 8087
2524 7614
2437 6479
1221 6782
1138 5661
2890 6139
3114 7562
1098 5531
1942 6745
2246 7382
3097 7946
344 7574
2529 6942
2674 5628
245 8436
1288 5292
326 7139
811 8499
936 7785
1362 8440
301 5292
1304 6033
523 8575
2527 8560
1793 7311
3187 6326
3260 7446
1307 6557
1195 6664
525 8060
1057 7244
1335 5687
1276 6262
1172 5910
2254 7402
2347 6511
3295 6747
1228 5894
2342 6213
2153 5708
1633 7111
3103 7141
2462 7942
2393 7758
2208 6902
1971 5999
745 8618
2823 5350
141 7430
568 7356
538 7538
1876 5420
2610 6914
1956 7481
1674 8356
3297 5911
2888 6633
2889 8797
1919 7440
698 5281
1854 6168
2434 6180
598 6020
352 5512
416 5844
330 6567
574 6737
2172 5582
252 5433
2996 6370
3223 7820
3302 6497
929 6253
2082 6941
2680 5021
1343 8220
1827 5229
2974 7283
1737 8251
3243 5765
2081 6120
2968 7278
941 8415
2020 6709
2679 8495
1229 8145
3257 5156
1501 7891
2880 8163
1393 8165
1159 5133
3471 5473
2541 5239
3290 7533
344 6183
3376 8797
2868 6593
1359 5170
1319 5219
2191 6378
758 8413
1407 6039
2644 7222
2053 5076
1241 6843
2407 8142
302 5696
1520 7591
2159 7236
1723 7065
705 6024
2886 8057
2421 5489
1329 8738
256 7006
982 8620
1877 8787
225 7091
2084 8176
2839 5165
1836 5692
884 7319
3188 8566
1143 7791
757 5045
21 7927
2167 7950
2702 7688
2600 6150
38 5150
597 7632
2480 6299
371 8369
2251 7422
841 5179
1799 5533
329 5631
455 8056
960 5766
94 6184
3162 7578
3338 7912
2945 7040
7 8763
1749 8505
1858 5790
1516 7257
30 8207
758 7231
195 5063
548 7863
128 5716
2208 6532
3392 7025
3364 7026
1613 6474
2116 8434
1473 6723
1089 7047
10 6913
1392 8570
2496 6387
3290 7113
2000 8665
1805 6765
3206 5190
1399 7931
1315 5978
570 6723
412 8043
1207 7944
428 6430
3378 7767
360 5040
2442 6187
1943 5602
3037 7480
104 7444
1563 5263
1549 7952
1960 5882
7 7291
2459 6753
335 6376
565 7779
1567 7806
397 7120
1825 5978
620 6111
2344 8760
2484 5620
2561 5718
2141 6261
1975 8513
3276 8444
3362 5645
3156 6247
3064 6599
89 6271
2725 8133
990 6870
889 5416
942 8028
655 7208
2767 8627
2676 8617
27 8570
2180 7446
1142 7751
41 6323
3431 5465
110 7279
1271 7044
913 5489
2247 6694
3276 7529
2858 6778
3476 6627
1414 8107
1716 7208
3153 5659
2249 5798
411 7932
570 6465
3430 5647
2373 8545
1938 7131
758 7222
1402 8777
2035 6817
495 5006
1305 7741
2699 6376
2875 5334
217 5868
1600 7153
2099 5503
2826 8628
3380 8139
92 8215
303 7797
2952 8131
2999 6325
329 6298
2593 6606
514 7752
223 7854
652 7440
3423 7288
1768 6378
355 6624
1729 7019
1177 5878
1616 7413
242 7096
2565 7465
2119 8169
433 7546
2384 6526
1568 5564
2605 6538
1145 7869
1889 6328
2680 6026
1224 5793
1479 5109
2432 5359
2972 6574
1336 7754
198 6704
1869 7136
1898 8246
2376 5850
2309 6429
2996 7053
2511 6803
448 5438
61 8160
48 6850
545 5060
3444 7589
1974 5457
848 7161
532 8683
1578 6753
2293 8229
2733 5006
1958 8214
1560 5050
2283 6332
2803 6427
2217 7791
1511 7658
2837 5857
855 6013
3393 6829
2442 5426
890 7534
1604 8717
826 7905
285 7420
2297 6597
3175 5681
2203 5257
3334 5127
1932 6920
1836 6608
2038 7969
971 7966
1922 7209
2032 5281
1657 7685
758 7641
1510 6754
334 6357
3337 7624
1855 5651
245 8791
3061 6176
2813 7024
3382 7698
204 5967
1229 8756
3083 7504
683 8618
172 5672
1130 7686
800 6140
1879 5826
2251 6120
167 7007
2835 6225
3370 8629
1814 8507
1129 5076
2761 8123
1532 6227
3258 8396
981 7503
484 8724
1218 6526
2582 6580
2837 7363
1572 5235
2279 5725
176 7237
1172 7268
544 7115
625 8724
819 7522
713 7269
2043 6256
132 8769
322 5836
1888 6648
3128 7086
598 5649
56 7215
3101 6186
1945 6370
1913 5865
519 8394
408 7676
1553 5398
3399 8158
1485 6219
2447 7811
1678 6025
1210 6198
3106 6097
1078 8696
2464 5877
326 6972
907 6768
2774 7097
2488 5007
1381 7032
2388 7424
3338 6534
3402 6874
2386 7172
943 7830
97 6629
2443 5157
742 8272
2883 6066
2816 8687
2428 7241
1586 8063
2551 7775
2237 8441
1953 6372
304 7528
32 5503
956 5588
190 6672
1297 6830
1966 7532
961 5221
1673 6404
2956 7072
2912 6911
392 7965
15 5954
3314 7810
383 5653
2004 7266
723 7384
1480 6042
1911 6653
925 5780
1042 5880
24 8579
234 7644
3238 6153
2193 7519
1260 5030
1283 6041
1235 8010
1209 7985
626 7356
868 5825
1156 5491
3098 5691
694 7318
3052 8772
3132 8191
1801 6312
1639 6157
1530 8598
3388 7394
2119 8413
510 8266
764 8447
1801 5205
1555 5765
1354 5863
1145 7532
2105 5670
3244 6334
410 5083
928 8307
907 8309
2176 5282
2502 5082
2619 8003
1507 6552
2822 7359
3315 6651
2764 5394
2183 6535
2085 7655
1546 6177
1763 6252
96 8561
506 8416
845 8155
2150 5547
3337 5118
1327 6997
3117 6963
2100 8682
2291 6602
2234 7155
2729 8010
1599 7128
1035 8656
1354 6605
2966 7235
1910 6483
1971 6525
2867 6537
625 5300
1471 6491
878 5777
1973 5489
2704 5696
714 8267
2964 8290
2509 8467
1990 7224
2956 6371
347 5496
2747 8634
58 5989
681 5161
408 5826
1221 7922
3132 5607
551 6219
2586 7615
1822 8791
3004 8393
2912 6302
3118 8198
124 7951
2084 5722
968 7227
2241 5383
831 6715
286 7814
580 8236
3182 7631
1792 7194
924 5220
957 6955
813 7160
2143 8590
2899 5421
983 8044
1213 8279
1818 5357
181 5323
1138 6238
2335 5381